country,concept,color,n_participants,n_ratings,mean_rating,sd_rating,se_rating
USA,angry,A1,50,50,0.3736,0.34129262087133455,0.04826606531741001
USA,angry,A2,50,50,0.34380000000000005,0.31092941649322325,0.0439720597745469
USA,angry,A3,50,50,0.1376,0.2003217819572565,0.02832977808826981
USA,angry,BK,50,50,0.6537999999999999,0.3439499844988144,0.048641873285623916
USA,angry,DB,50,50,0.1306,0.19535848785120705,0.02762786230438765
USA,angry,DC,50,50,0.1014,0.17454325234386897,0.0246841434685409
USA,angry,DG,50,50,0.1384,0.18974053174731828,0.02683336333289403
USA,angry,DH,50,50,0.1616,0.22575370361054445,0.03192639494019879
USA,angry,DO,50,50,0.324,0.2801165938005976,0.03961446859985604
USA,angry,DP,50,50,0.21280000000000002,0.2830593793621719,0.04003064132508945
USA,angry,DR,50,50,0.7922,0.28370212892959346,0.04012153984063514
USA,angry,DY,50,50,0.2382,0.2349267363000036,0.03322365766395128
USA,angry,LB,50,50,0.0746,0.15644272603931525,0.022124342489941818
USA,angry,LC,50,50,0.079,0.1536262360671616,0.02172603065825107
USA,angry,LG,50,50,0.069,0.15063471155922398,0.02130296520512138
USA,angry,LH,50,50,0.091,0.16443161223451172,0.02325414161049202
USA,angry,LO,50,50,0.0888,0.13609180574831364,0.01924628774171099
USA,angry,LP,50,50,0.07780000000000001,0.15767817909674536,0.022299061936891115
USA,angry,LR,50,50,0.17859999999999998,0.22976483097075673,0.03249365401152059
USA,angry,LY,50,50,0.12480000000000001,0.21317081394592308,0.03014690561844361
USA,angry,MB,50,50,0.0926,0.17029158666767985,0.024082867142346618
USA,angry,MC,50,50,0.0886,0.15772631941668672,0.022305870006226917
USA,angry,MG,50,50,0.0964,0.148787754598177,0.021041766046778175
USA,angry,MH,50,50,0.11019999999999999,0.15703229877048497,0.022207720665184373
USA,angry,MO,50,50,0.19519999999999998,0.23588513288964894,0.03335919540947213
USA,angry,MP,50,50,0.1072,0.1923648743870855,0.027204501428241313
USA,angry,MR,50,50,0.4692,0.31139475570014186,0.044037868676299725
USA,angry,MY,50,50,0.1148,0.17337278462601793,0.024518614336450417
USA,angry,SB,50,50,0.0806,0.16807930586846345,0.023770003391343674
USA,angry,SC,50,50,0.0872,0.1722603629772712,0.02436129415817691
USA,angry,SG,50,50,0.0742,0.12424613491298764,0.017571056906638443
USA,angry,SH,50,50,0.132,0.18822478962286407,0.026619005025947697
USA,angry,SO,50,50,0.3736,0.3080137818278889,0.0435597267658828
USA,angry,SP,50,50,0.1408,0.20745139583201913,0.02933805775188708
USA,angry,SR,50,50,0.7332,0.3401406671796064,0.04810315446400324
USA,angry,SY,50,50,0.23260000000000003,0.2911890472261788,0.04118034998017617
USA,angry,WH,50,50,0.1394,0.24767828046125662,0.035026998333355625
USA,banana,A1,50,50,0.0524,0.12767241243886318,0.018055605721193174
USA,banana,A2,50,50,0.0712,0.14312318085467213,0.020240674345465462
USA,banana,A3,50,50,0.0678,0.123821629444808,0.017511022767598323
USA,banana,BK,50,50,0.1832,0.2804401787860488,0.03966023042735658
USA,banana,DB,50,50,0.0426,0.09075218555866008,0.012834297163205681
USA,banana,DC,50,50,0.056799999999999996,0.10416705578158618,0.01473144630387939
USA,banana,DG,50,50,0.16820000000000002,0.2134047605765502,0.030179990668234048
USA,banana,DH,50,50,0.23,0.2361511103907316,0.03339681030840386
USA,banana,DO,50,50,0.272,0.27229935507729397,0.038508944097575624
USA,banana,DP,50,50,0.0438,0.10600134770032744,0.014990854354762915
USA,banana,DR,50,50,0.063,0.11205410500726688,0.015846843502085577
USA,banana,DY,50,50,0.30079999999999996,0.2746934469475353,0.038847519816821864
USA,banana,LB,50,50,0.0416,0.08325912341991754,0.011774618153174276
USA,banana,LC,50,50,0.0436,0.08326892749227821,0.011776004658384171
USA,banana,LG,50,50,0.09699999999999999,0.15176848641726567,0.021463305183213398
USA,banana,LH,50,50,0.4324,0.2926763204829331,0.041390682181241846
USA,banana,LO,50,50,0.2646,0.2532338598116413,0.03581267589977102
USA,banana,LP,50,50,0.048,0.09473916932336716,0.013398141814506692
USA,banana,LR,50,50,0.0946,0.16839227768420223,0.023814264289989506
USA,banana,LY,50,50,0.7095999999999999,0.247592159712339,0.035014819020243525
USA,banana,MB,50,50,0.0364,0.07438893926999017,0.010520184680616862
USA,banana,MC,50,50,0.0492,0.09135800848467372,0.012919973463042186
USA,banana,MG,50,50,0.1134,0.17838973613743497,0.025228118423371835
USA,banana,MH,50,50,0.29960000000000003,0.2480368636196759,0.03507770964994314
USA,banana,MO,50,50,0.22060000000000002,0.25750300176574126,0.03641642374488943
USA,banana,MP,50,50,0.054400000000000004,0.10939835464941873,0.01547126368465097
USA,banana,MR,50,50,0.046000000000000006,0.1018001242932564,0.014396711642678998
USA,banana,MY,50,50,0.446,0.31659540909688577,0.04477335213298742
USA,banana,SB,50,50,0.0452,0.08969881577267567,0.012685328179452362
USA,banana,SC,50,50,0.045,0.08871532090493338,0.012546241001403814
USA,banana,SG,50,50,0.1744,0.22328859334584772,0.031577775703290865
USA,banana,SH,50,50,0.3958,0.27135404992032686,0.03837525776021921
USA,banana,SO,50,50,0.2718,0.29812810559713887,0.0421616810260072
USA,banana,SP,50,50,0.042199999999999994,0.10156509926030251,0.01436347408376894
USA,banana,SR,50,50,0.0434,0.10275014275773389,0.014531064542375892
USA,banana,SY,50,50,0.9501999999999999,0.10005080342159241,0.014149320312514044
USA,banana,WH,50,50,0.1168,0.21448980756907868,0.030333439485498638
USA,death,A1,50,50,0.775,0.20494150484507345,0.028983105564505424
USA,death,A2,50,50,0.6698000000000001,0.26940970998970076,0.03810028657024371
USA,death,A3,50,50,0.43320000000000003,0.3380281355274488,0.04780439737266087
USA,death,BK,50,50,0.9468,0.15596231884003006,0.02205640265227274
USA,death,DB,50,50,0.2328,0.2607762353013771,0.0368793288707805
USA,death,DC,50,50,0.13419999999999999,0.19850553891413672,0.02807292253385523
USA,death,DG,50,50,0.1142,0.18618720006860773,0.02633084634772979
USA,death,DH,50,50,0.1602,0.22605300082872928,0.031968721958712545
USA,death,DO,50,50,0.2752,0.3007082795463988,0.042526572725239714
USA,death,DP,50,50,0.1484,0.24449331195727367,0.034576575767949244
USA,death,DR,50,50,0.47240000000000004,0.3529442344805497,0.049913852316378314
USA,death,DY,50,50,0.24100000000000002,0.2909677729542555,0.04114905707254036
USA,death,LB,50,50,0.0902,0.14219116192862427,0.020108866964904933
USA,death,LC,50,50,0.0662,0.09312905243887788,0.013170436901001626
USA,death,LG,50,50,0.0758,0.10665775898180313,0.015083684928438677
USA,death,LH,50,50,0.08800000000000001,0.13575187449376683,0.01919821420266553
USA,death,LO,50,50,0.1082,0.15488890027555696,0.021904598343074646
USA,death,LP,50,50,0.065,0.13226828024580828,0.01870555957953874
USA,death,LR,50,50,0.0836,0.1523390418555578,0.021543993907105242
USA,death,LY,50,50,0.07339999999999999,0.10697338978666132,0.015128321864931996
USA,death,MB,50,50,0.138,0.2199164962119087,0.031100889153245267
USA,death,MC,50,50,0.083,0.11572751247156891,0.016366341767699424
USA,death,MG,50,50,0.0794,0.1140427775093224,0.01612808426443811
USA,death,MH,50,50,0.154,0.21718044787405588,0.030713953486575282
USA,death,MO,50,50,0.1522,0.21328614486608533,0.030163215873589052
USA,death,MP,50,50,0.09380000000000001,0.17154626911996537,0.02426030603639599
USA,death,MR,50,50,0.13119999999999998,0.2146058560929495,0.030349851225133787
USA,death,MY,50,50,0.1268,0.19417475823261343,0.02746045765630787
USA,death,SB,50,50,0.0698,0.1284044948033918,0.018159137802062228
USA,death,SC,50,50,0.057999999999999996,0.10285714285714286,0.014546196641551833
USA,death,SG,50,50,0.0708,0.09942364519816098,0.01406062674598099
USA,death,SH,50,50,0.0644,0.11225263053142448,0.015874919250959667
USA,death,SO,50,50,0.1048,0.1499148057384321,0.021201155147581856
USA,death,SP,50,50,0.08560000000000001,0.1644553161816551,0.023257493854845216
USA,death,SR,50,50,0.2494,0.3226573971232759,0.045630646701173845
USA,death,SY,50,50,0.096,0.18758399479177537,0.026528382951865274
USA,death,WH,50,50,0.4182,0.41513061627809217,0.058708334769677906
USA,happy,A1,50,50,0.10120000000000001,0.1664348864528451,0.023537447367363965
USA,happy,A2,50,50,0.1154,0.16023210206014352,0.02266024118610049
USA,happy,A3,50,50,0.3008,0.2881527372766047,0.04075095090915056
USA,happy,BK,50,50,0.0908,0.17674887061960573,0.02499606499643739
USA,happy,DB,50,50,0.3926,0.2861483131924023,0.040467482536687936
USA,happy,DC,50,50,0.3704,0.27560664071854885,0.038976664918426066
USA,happy,DG,50,50,0.363,0.2727954305679908,0.03857909976626606
USA,happy,DH,50,50,0.281,0.24152787475923826,0.034157199617566504
USA,happy,DO,50,50,0.1576,0.1570721919035567,0.022213362406167933
USA,happy,DP,50,50,0.436,0.30550727303544023,0.04320525289303397
USA,happy,DR,50,50,0.3084,0.2772853830865763,0.03921407494088554
USA,happy,DY,50,50,0.1966,0.21272392763334147,0.03008370635003443
USA,happy,LB,50,50,0.5664,0.28015127109095467,0.03961937270928897
USA,happy,LC,50,50,0.62,0.2799781332569399,0.039594887321986606
USA,happy,LG,50,50,0.6033999999999999,0.29043675766693444,0.04107396017042467
USA,happy,LH,50,50,0.5776,0.2874700339307791,0.04065440207607616
USA,happy,LO,50,50,0.506,0.2797520768283873,0.03956291811527454
USA,happy,LP,50,50,0.6454000000000001,0.2910586587908748,0.041161910270817816
USA,happy,LR,50,50,0.6312,0.2770960196062597,0.03918729490067735
USA,happy,LY,50,50,0.6998000000000001,0.29023909918182556,0.04104600703938876
USA,happy,MB,50,50,0.3822,0.262229763717988,0.03708488883078708
USA,happy,MC,50,50,0.41759999999999997,0.27394741041570253,0.0387420143186875
USA,happy,MG,50,50,0.4642,0.27456154285756507,0.03882886576152503
USA,happy,MH,50,50,0.3836,0.24102468329858598,0.03408603759875403
USA,happy,MO,50,50,0.35,0.24222607082590247,0.034255939452233715
USA,happy,MP,50,50,0.5084000000000001,0.27950656229746546,0.0395281971173356
USA,happy,MR,50,50,0.4376,0.2719660843201008,0.038461812495099126
USA,happy,MY,50,50,0.4698,0.29605218789798476,0.04186810192955579
USA,happy,SB,50,50,0.6352,0.30869865102208843,0.04365658189617166
USA,happy,SC,50,50,0.6509999999999999,0.2742578110806974,0.03878591160170804
USA,happy,SG,50,50,0.6082,0.28130664508935543,0.03978276726710413
USA,happy,SH,50,50,0.6492,0.26193814505858953,0.03704364772447084
USA,happy,SO,50,50,0.662,0.2731001162017105,0.03862218882181272
USA,happy,SP,50,50,0.5532,0.31228872041423333,0.04416429437859484
USA,happy,SR,50,50,0.5774,0.29882634367382904,0.04226042680178926
USA,happy,SY,50,50,0.7781999999999999,0.25891997030049296,0.036616813356819614
USA,happy,WH,50,50,0.4936,0.31886123909299224,0.045093788884039976
USA,justice,A1,50,50,0.302,0.35703998518430424,0.0504930789357132
USA,justice,A2,50,50,0.33299999999999996,0.3380933936904755,0.04781362627058166
USA,justice,A3,50,50,0.4376,0.3519424813859242,0.04977218303512145
USA,justice,BK,50,50,0.43560000000000004,0.39538232594979433,0.05591550476808189
USA,justice,DB,50,50,0.43660000000000004,0.3168764002907514,0.04481309028871464
USA,justice,DC,50,50,0.3298,0.3036343800275158,0.04294038582376593
USA,justice,DG,50,50,0.3464,0.29764901944321975,0.042093928012365445
USA,justice,DH,50,50,0.2116,0.25472962857404197,0.03602420954676712
USA,justice,DO,50,50,0.20980000000000001,0.2826224856372102,0.03996885522197379
USA,justice,DP,50,50,0.3256,0.32706586742222593,0.046254098549783254
USA,justice,DR,50,50,0.32659999999999995,0.34699650059989284,0.04907271572443723
USA,justice,DY,50,50,0.1374,0.21654815178342288,0.030624533315894414
USA,justice,LB,50,50,0.355,0.2938016129212057,0.041549822564025944
USA,justice,LC,50,50,0.2382,0.2638311921649593,0.03731136501367477
USA,justice,LG,50,50,0.20600000000000002,0.261338782394947,0.03695888504370051
USA,justice,LH,50,50,0.1824,0.22704454296414156,0.032108947192268984
USA,justice,LO,50,50,0.193,0.2580480100876658,0.03649349956093662
USA,justice,LP,50,50,0.2122,0.24988397307550553,0.03533893037430532
USA,justice,LR,50,50,0.1972,0.25780897848553513,0.036459695387579726
USA,justice,LY,50,50,0.2792,0.29595118185406244,0.04185381751783613
USA,justice,MB,50,50,0.4008,0.31113249359626294,0.044000779213879515
USA,justice,MC,50,50,0.3186,0.2790290014917255,0.03946065982050208
USA,justice,MG,50,50,0.2488,0.2879458565885792,0.04072169356167069
USA,justice,MH,50,50,0.1802,0.25591364933970867,0.03619165536926085
USA,justice,MO,50,50,0.2096,0.22054626059224966,0.031189951286023032
USA,justice,MP,50,50,0.2626,0.3016607771815818,0.04266127623262012
USA,justice,MR,50,50,0.2048,0.24497596716779366,0.034644833522415985
USA,justice,MY,50,50,0.2954,0.2919827364200611,0.0412925945824059
USA,justice,SB,50,50,0.38439999999999996,0.3131743988285643,0.04428954822113963
USA,justice,SC,50,50,0.2864,0.28681046859896725,0.040561125452324216
USA,justice,SG,50,50,0.2316,0.26303068805206525,0.03719815663635575
USA,justice,SH,50,50,0.1796,0.2394292533232704,0.03386040972786324
USA,justice,SO,50,50,0.2546,0.29226218310528884,0.04133211431162683
USA,justice,SP,50,50,0.2242,0.29343211849295797,0.041497568160861024
USA,justice,SR,50,50,0.28,0.32531930938882875,0.04600709794395306
USA,justice,SY,50,50,0.2696,0.30874307395354755,0.04366286424738664
USA,justice,WH,50,50,0.5484,0.3943548593615157,0.055770199049679
USA,lightning,A1,50,50,0.37560000000000004,0.35058644746033346,0.04958041087826061
USA,lightning,A2,50,50,0.3102,0.3158563998182124,0.044668840438525474
USA,lightning,A3,50,50,0.51,0.35722284818486366,0.05051893966925793
USA,lightning,BK,50,50,0.38079999999999997,0.3646124025340233,0.051563980467305405
USA,lightning,DB,50,50,0.17679999999999998,0.22910152815745602,0.03239984882806758
USA,lightning,DC,50,50,0.07,0.12327172574174072,0.01743325464011063
USA,lightning,DG,50,50,0.0454,0.07743885013482626,0.010951507211524889
USA,lightning,DH,50,50,0.0508,0.083270888168234,0.01177628193983698
USA,lightning,DO,50,50,0.0864,0.16000969358390862,0.022628787877752677
USA,lightning,DP,50,50,0.0864,0.16121680167667743,0.022799498741357074
USA,lightning,DR,50,50,0.09759999999999999,0.19322779197578369,0.027326536403956037
USA,lightning,DY,50,50,0.1704,0.2456142653571628,0.034735102518040385
USA,lightning,LB,50,50,0.25920000000000004,0.27955387199418075,0.039534887718808254
USA,lightning,LC,50,50,0.19699999999999998,0.2639669892781509,0.03733056962559543
USA,lightning,LG,50,50,0.12560000000000002,0.20974386712349508,0.029662262151062706
USA,lightning,LH,50,50,0.4064,0.32954365478364656,0.04660451059890302
USA,lightning,LO,50,50,0.266,0.2954622804753146,0.04178467642178732
USA,lightning,LP,50,50,0.0986,0.17133342597736984,0.024230205470504317
USA,lightning,LR,50,50,0.13419999999999999,0.2461216722497643,0.03480686068895625
USA,lightning,LY,50,50,0.6106,0.32356691892158596,0.04575927250741825
USA,lightning,MB,50,50,0.1838,0.23005669221444758,0.032534929424436455
USA,lightning,MC,50,50,0.0958,0.15775323018135967,0.022309675763064352
USA,lightning,MG,50,50,0.063,0.11978296700146257,0.016939869647475726
USA,lightning,MH,50,50,0.1054,0.15459242001641155,0.021862669702728713
USA,lightning,MO,50,50,0.1292,0.19616569422770316,0.027742018524915136
USA,lightning,MP,50,50,0.0836,0.15812369221851713,0.022362067006793596
USA,lightning,MR,50,50,0.1142,0.22095423849793894,0.031247648074760468
USA,lightning,MY,50,50,0.305,0.30519481901077616,0.043161065221104175
USA,lightning,SB,50,50,0.2398,0.29227112098745794,0.04133337831904507
USA,lightning,SC,50,50,0.1882,0.2913983877926631,0.041209955207003865
USA,lightning,SG,50,50,0.07519999999999999,0.17195443155270015,0.02431802892119846
USA,lightning,SH,50,50,0.2956,0.31148859185713834,0.044051139112886266
USA,lightning,SO,50,50,0.30879999999999996,0.33868677962665966,0.04789754371444897
USA,lightning,SP,50,50,0.1004,0.19352751215055616,0.027368923237564045
USA,lightning,SR,50,50,0.17,0.2900879528835406,0.04102463172489505
USA,lightning,SY,50,50,0.6809999999999999,0.38926539920780034,0.055050440692224825
USA,lightning,WH,50,50,0.7757999999999999,0.3051134951095399,0.04314956428469683
USA,mango,A1,50,50,0.0426,0.09857784658195112,0.013941012758572952
USA,mango,A2,50,50,0.0432,0.1066070411581233,0.015076512345028471
USA,mango,A3,50,50,0.0602,0.11968479009294303,0.016925985335921708
USA,mango,BK,50,50,0.049800000000000004,0.11634729853997909,0.016453992754070983
USA,mango,DB,50,50,0.046,0.08621283582636921,0.01219233616762964
USA,mango,DC,50,50,0.051,0.09485219436317857,0.013414125968925597
USA,mango,DG,50,50,0.21780000000000002,0.26664422524619363,0.03770918796716335
USA,mango,DH,50,50,0.2748,0.28201346038218583,0.03988272604442547
USA,mango,DO,50,50,0.2664,0.27344932000691624,0.038671573697548145
USA,mango,DP,50,50,0.0458,0.09102791677641019,0.012873291445976867
USA,mango,DR,50,50,0.24060000000000004,0.2577089799897298,0.03644555346468124
USA,mango,DY,50,50,0.2826,0.2622727198773001,0.03709096374909574
USA,mango,LB,50,50,0.048600000000000004,0.09467473856551692,0.013389029929348113
USA,mango,LC,50,50,0.0738,0.12302131887587282,0.01739784176152846
USA,mango,LG,50,50,0.1262,0.18727792290647413,0.026485097850739863
USA,mango,LH,50,50,0.2614,0.26690982961078286,0.0377467500966261
USA,mango,LO,50,50,0.511,0.2973368185635095,0.04204977614053834
USA,mango,LP,50,50,0.050600000000000006,0.10426438137969166,0.014745210221960073
USA,mango,LR,50,50,0.3972,0.3166343413504748,0.044778857985091354
USA,mango,LY,50,50,0.41,0.2799635544793906,0.0395928255714933
USA,mango,MB,50,50,0.0418,0.08309547005016063,0.011751474071670449
USA,mango,MC,50,50,0.059000000000000004,0.1138966592117251,0.016107420016620813
USA,mango,MG,50,50,0.195,0.24124041696098564,0.03411654694587663
USA,mango,MH,50,50,0.2602,0.2618964587428414,0.0370377523891612
USA,mango,MO,50,50,0.585,0.31036022520251383,0.04389156397025631
USA,mango,MP,50,50,0.0536,0.10636402644902546,0.01504214487528224
USA,mango,MR,50,50,0.4012,0.3278852462278191,0.046369976211742346
USA,mango,MY,50,50,0.5876,0.28140725082400864,0.039796995066544036
USA,mango,SB,50,50,0.037200000000000004,0.06433458459887811,0.009098284206937268
USA,mango,SC,50,50,0.0516,0.08961049501217216,0.012672837737718046
USA,mango,SG,50,50,0.198,0.2579194621962287,0.03647532014378814
USA,mango,SH,50,50,0.2394,0.24408437818399886,0.034518743799121475
USA,mango,SO,50,50,0.7842,0.23561547712581288,0.03332106032563323
USA,mango,SP,50,50,0.0524,0.10130898382711001,0.014327253891853551
USA,mango,SR,50,50,0.3182,0.3359645875410572,0.0475125676177646
USA,mango,SY,50,50,0.4636,0.28313665843005703,0.04004157023567852
USA,mango,WH,50,50,0.0924,0.2017531326413849,0.028532201643270447
USA,peace,A1,50,50,0.1886,0.23559746022677353,0.03331851235133589
USA,peace,A2,50,50,0.2364,0.22911328629999542,0.03240151168053233
USA,peace,A3,50,50,0.5726,0.317932158082282,0.044962396987451
USA,peace,BK,50,50,0.1206,0.1617431826781492,0.022873940256482764
USA,peace,DB,50,50,0.5406,0.3162368655012265,0.044722646411419084
USA,peace,DC,50,50,0.5204,0.3031128300733937,0.042866627521908465
USA,peace,DG,50,50,0.4608,0.3208905974163221,0.04538078349041675
USA,peace,DH,50,50,0.3594,0.2755285088401443,0.03896561540221673
USA,peace,DO,50,50,0.1764,0.1897878514853587,0.0268400553544245
USA,peace,DP,50,50,0.38939999999999997,0.30100789873696143,0.042568945277523806
USA,peace,DR,50,50,0.1886,0.1858901365246227,0.026288835218450764
USA,peace,DY,50,50,0.17120000000000002,0.2082447539579819,0.029450255534042624
USA,peace,LB,50,50,0.7542,0.23869620347006032,0.03375674082343271
USA,peace,LC,50,50,0.6829999999999999,0.22943808911053515,0.03244744573450855
USA,peace,LG,50,50,0.5842,0.30098538848527623,0.04256576184720124
USA,peace,LH,50,50,0.5494,0.3116343356943735,0.04407175040401129
USA,peace,LO,50,50,0.5356000000000001,0.2725028365326998,0.038537720720968255
USA,peace,LP,50,50,0.5568,0.3095911721570094,0.04378280344554264
USA,peace,LR,50,50,0.5328,0.2834844414979922,0.04009075418882228
USA,peace,LY,50,50,0.5562,0.2934515918080764,0.0415003221034955
USA,peace,MB,50,50,0.601,0.288070640429654,0.040739340661712
USA,peace,MC,50,50,0.61,0.28673389498036717,0.04055029630732979
USA,peace,MG,50,50,0.5498,0.2825358203766708,0.03995659890328965
USA,peace,MH,50,50,0.4172,0.2795042258086592,0.039527866687919785
USA,peace,MO,50,50,0.3738,0.27300213051422534,0.03860833155299672
USA,peace,MP,50,50,0.49420000000000003,0.281838642503407,0.03985800306291404
USA,peace,MR,50,50,0.3496,0.2694738637888768,0.03810935928753096
USA,peace,MY,50,50,0.4304,0.29258844816567864,0.04137825515896
USA,peace,SB,50,50,0.7267999999999999,0.2542410875768213,0.035955119416362646
USA,peace,SC,50,50,0.6592,0.22457978901195244,0.03176037834555913
USA,peace,SG,50,50,0.45520000000000005,0.29806340922422425,0.04215253157720598
USA,peace,SH,50,50,0.3284,0.2669965986177902,0.03775902108727644
USA,peace,SO,50,50,0.32939999999999997,0.29406656195008446,0.04158729201502374
USA,peace,SP,50,50,0.36939999999999995,0.28975999921116985,0.04097825207176537
USA,peace,SR,50,50,0.2054,0.21892324626476295,0.030960422398637277
USA,peace,SY,50,50,0.3796,0.3157431143916115,0.04465281945985366
USA,peace,WH,50,50,0.6579999999999999,0.35790775233804795,0.05061579974349382
USA,peach,A1,50,50,0.0288,0.0612668968780142,0.00866444764894015
USA,peach,A2,50,50,0.0424,0.09884145209911287,0.013978292208321603
USA,peach,A3,50,50,0.09759999999999999,0.1660287656414037,0.023480013211413724
USA,peach,BK,50,50,0.0292,0.06927731907901397,0.009797292420638992
USA,peach,DB,50,50,0.051,0.08899094198345156,0.012585219708135444
USA,peach,DC,50,50,0.08,0.14565825253178155,0.020599187620201066
USA,peach,DG,50,50,0.1328,0.22038037617737571,0.031166491687092925
USA,peach,DH,50,50,0.1438,0.21558548661915145,0.030488391902760738
USA,peach,DO,50,50,0.22640000000000002,0.23471876354306156,0.03319424587460412
USA,peach,DP,50,50,0.0408,0.08663411214847822,0.01225191363645296
USA,peach,DR,50,50,0.1198,0.17310478129191706,0.02448071294146575
USA,peach,DY,50,50,0.1766,0.22574692349927547,0.031925436087667694
USA,peach,LB,50,50,0.054000000000000006,0.09710083124552243,0.013732131246511901
USA,peach,LC,50,50,0.048799999999999996,0.08752002686266051,0.012377200896843209
USA,peach,LG,50,50,0.1348,0.1846700311587218,0.02611628626285264
USA,peach,LH,50,50,0.24239999999999998,0.25287376862209904,0.035761751315376844
USA,peach,LO,50,50,0.7756000000000001,0.2699747531658077,0.0381801957425414
USA,peach,LP,50,50,0.0968,0.151394066149589,0.021410354161155824
USA,peach,LR,50,50,0.7042,0.2773937744839436,0.03922940379930568
USA,peach,LY,50,50,0.4142,0.2885225559746109,0.04080325117098452
USA,peach,MB,50,50,0.050199999999999995,0.08920258987729184,0.012615151240327107
USA,peach,MC,50,50,0.062400000000000004,0.10130898382710996,0.014327253891853544
USA,peach,MG,50,50,0.1732,0.23650033438298837,0.033446198039019416
USA,peach,MH,50,50,0.18719999999999998,0.22508084715297755,0.03183123866741665
USA,peach,MO,50,50,0.7888,0.2375267117094627,0.03359134971254064
USA,peach,MP,50,50,0.059399999999999994,0.1186042983699863,0.01677318073105798
USA,peach,MR,50,50,0.5626,0.33045305943476433,0.04673311983803261
USA,peach,MY,50,50,0.6115999999999999,0.26472442352031533,0.03743768700338291
USA,peach,SB,50,50,0.0508,0.09352157886972244,0.013225948521210654
USA,peach,SC,50,50,0.0562,0.10918791141880128,0.01544150251756609
USA,peach,SG,50,50,0.12179999999999999,0.19587261583144558,0.027700570980632534
USA,peach,SH,50,50,0.1252,0.1747445949647306,0.024712617615051526
USA,peach,SO,50,50,0.6312,0.27954511154329836,0.03953364880396322
USA,peach,SP,50,50,0.07880000000000001,0.14932009173556776,0.02111704988672346
USA,peach,SR,50,50,0.1894,0.2276625680650185,0.0321963491402237
USA,peach,SY,50,50,0.2594,0.281558418196194,0.03981837336133731
USA,peach,WH,50,50,0.1114,0.20178802779963265,0.02853713656387596
USA,sad,A1,50,50,0.7964,0.235751165945999,0.033340249622610195
USA,sad,A2,50,50,0.7026,0.27866159712864225,0.03940870099718734
USA,sad,A3,50,50,0.4174,0.3383622620922186,0.04785165000460553
USA,sad,BK,50,50,0.795,0.2931618623747305,0.04145934817408987
USA,sad,DB,50,50,0.5434,0.38551111050984077,0.05451950409285298
USA,sad,DC,50,50,0.3846,0.28319755850440725,0.04005018280678808
USA,sad,DG,50,50,0.26,0.2554228187271659,0.03612224143835226
USA,sad,DH,50,50,0.2784,0.27305049245253427,0.038615170963902636
USA,sad,DO,50,50,0.376,0.31315380585656144,0.044286635935110036
USA,sad,DP,50,50,0.2912,0.29137702625390943,0.04120693422922201
USA,sad,DR,50,50,0.3208,0.27071967578501355,0.03828554370964133
USA,sad,DY,50,50,0.44020000000000004,0.30134047460082936,0.0426159786072438
USA,sad,LB,50,50,0.34980000000000006,0.3234033937701348,0.04573614655872111
USA,sad,LC,50,50,0.257,0.27653283378880217,0.03910764839855889
USA,sad,LG,50,50,0.146,0.20171711855558355,0.028527108482412775
USA,sad,LH,50,50,0.13540000000000002,0.1872814099973947,0.026485590999867175
USA,sad,LO,50,50,0.17740000000000003,0.19739952236155847,0.027916508172968705
USA,sad,LP,50,50,0.1722,0.22129756493214733,0.03129620176471834
USA,sad,LR,50,50,0.11560000000000001,0.1659254811839413,0.023465406583361156
USA,sad,LY,50,50,0.1208,0.15658133441031305,0.02214394467375417
USA,sad,MB,50,50,0.49060000000000004,0.3556104839941177,0.050290916938654166
USA,sad,MC,50,50,0.3428,0.3032816431999154,0.04289050130321183
USA,sad,MG,50,50,0.2216,0.22264055409230957,0.03148612911316049
USA,sad,MH,50,50,0.2904,0.25336881240997444,0.03583176107925504
USA,sad,MO,50,50,0.2566,0.25503589183181447,0.03606752171204697
USA,sad,MP,50,50,0.2126,0.22250714274249395,0.03146726189913211
USA,sad,MR,50,50,0.2122,0.24708331239747075,0.034942857142857144
USA,sad,MY,50,50,0.23740000000000003,0.23945354455509738,0.03386384502681289
USA,sad,SB,50,50,0.353,0.3330333684329484,0.04709803063606714
USA,sad,SC,50,50,0.215,0.26648314263030304,0.037686407445157846
USA,sad,SG,50,50,0.1174,0.17716370845022616,0.025054731925062274
USA,sad,SH,50,50,0.106,0.13309502512973848,0.018822478962286403
USA,sad,SO,50,50,0.08380000000000001,0.119555127750459,0.01690764831159471
USA,sad,SP,50,50,0.1294,0.1866286282914794,0.026393273725689725
USA,sad,SR,50,50,0.1296,0.21093533199944076,0.02983076072972806
USA,sad,SY,50,50,0.0626,0.13535757632799042,0.019142452021299546
USA,sad,WH,50,50,0.2284,0.26277452117660083,0.037161929169404494
USA,safety,A1,50,50,0.223,0.2871837213282089,0.04061391135951285
USA,safety,A2,50,50,0.2158,0.2478156819995417,0.03504642984524899
USA,safety,A3,50,50,0.3274,0.29717589102092656,0.04202701754921032
USA,safety,BK,50,50,0.1376,0.19327003420719152,0.027332510357612225
USA,safety,DB,50,50,0.4336,0.33309164026784965,0.04710627151798931
USA,safety,DC,50,50,0.37579999999999997,0.2839307906472121,0.04015387749086033
USA,safety,DG,50,50,0.4914,0.33219744559093595,0.046979813294039996
USA,safety,DH,50,50,0.369,0.324762079318484,0.04592829371166869
USA,safety,DO,50,50,0.205,0.22760734179902092,0.032188538966786404
USA,safety,DP,50,50,0.267,0.28595882392329114,0.04044068470725782
USA,safety,DR,50,50,0.34299999999999997,0.30636279680357104,0.043326242224616285
USA,safety,DY,50,50,0.175,0.22187742525262613,0.031378206397668654
USA,safety,LB,50,50,0.41480000000000006,0.3393766194008043,0.04799510179089495
USA,safety,LC,50,50,0.41960000000000003,0.30320034462314155,0.04287900394822431
USA,safety,LG,50,50,0.429,0.3175753164725701,0.04491193196304364
USA,safety,LH,50,50,0.3592,0.26649531909968105,0.03768812945797147
USA,safety,LO,50,50,0.3326,0.2748714727479231,0.03887269646695794
USA,safety,LP,50,50,0.27440000000000003,0.2753636556576464,0.03894230164156784
USA,safety,LR,50,50,0.3408,0.2854201342954356,0.04036450248949552
USA,safety,LY,50,50,0.3682,0.30486323464257664,0.043114172110046305
USA,safety,MB,50,50,0.4252,0.297295565155662,0.04204394202765114
USA,safety,MC,50,50,0.3784,0.27907544148637714,0.03946722742752937
USA,safety,MG,50,50,0.46299999999999997,0.32610409005564533,0.04611808269020308
USA,safety,MH,50,50,0.3322,0.2698547606338171,0.03816322623592893
USA,safety,MO,50,50,0.2762,0.28652663088111313,0.040520984737313984
USA,safety,MP,50,50,0.298,0.2960212347595547,0.04186372449473921
USA,safety,MR,50,50,0.272,0.2693605428432611,0.0380933332857119
USA,safety,MY,50,50,0.3212,0.26798294188783206,0.03789851109024131
USA,safety,SB,50,50,0.5024000000000001,0.33109934386857987,0.04682451825917787
USA,safety,SC,50,50,0.40020000000000006,0.3188467100187737,0.04509173416265911
USA,safety,SG,50,50,0.507,0.3331926573902485,0.047120557496442145
USA,safety,SH,50,50,0.39,0.2930556818303669,0.04144433197749994
USA,safety,SO,50,50,0.4068,0.34964962053870036,0.049447923544443634
USA,safety,SP,50,50,0.2808,0.27102857745248626,0.03832922900239929
USA,safety,SR,50,50,0.3344,0.3514643419658236,0.049704563909860305
USA,safety,SY,50,50,0.4586,0.35967110826760745,0.05086517593058123
USA,safety,WH,50,50,0.51,0.36302583255471066,0.051339605589065605
USA,sandstorm,A1,50,50,0.3454,0.348408685662252,0.049272428851214134
USA,sandstorm,A2,50,50,0.4254,0.33291667156224186,0.04708152720634317
USA,sandstorm,A3,50,50,0.3636,0.29685948026028774,0.0419822703103127
USA,sandstorm,BK,50,50,0.3184,0.3208366613485843,0.04537315577856717
USA,sandstorm,DB,50,50,0.07800000000000001,0.15140161485133452,0.02141142170879451
USA,sandstorm,DC,50,50,0.069,0.13653511172842636,0.01930898067464664
USA,sandstorm,DG,50,50,0.068,0.11764699879950447,0.016637798127475043
USA,sandstorm,DH,50,50,0.1458,0.1955535314778779,0.027655445638596888
USA,sandstorm,DO,50,50,0.612,0.2720444141409747,0.03847289000460094
USA,sandstorm,DP,50,50,0.0388,0.08740335770881752,0.012360701386875674
USA,sandstorm,DR,50,50,0.19899999999999998,0.24354733856572724,0.03444279492795234
USA,sandstorm,DY,50,50,0.598,0.29783573064523267,0.04212033296377881
USA,sandstorm,LB,50,50,0.09380000000000001,0.1710578133561986,0.024191227959822162
USA,sandstorm,LC,50,50,0.095,0.18722735278973812,0.026477946156245977
USA,sandstorm,LG,50,50,0.0802,0.1548335511813527,0.021896770799105774
USA,sandstorm,LH,50,50,0.2318,0.2805584081936652,0.039676950590528816
USA,sandstorm,LO,50,50,0.6781999999999999,0.29113914199227836,0.04117329231431463
USA,sandstorm,LP,50,50,0.049800000000000004,0.1011866329802388,0.014309950869152242
USA,sandstorm,LR,50,50,0.23399999999999999,0.29196029923010186,0.041289421484571716
USA,sandstorm,LY,50,50,0.5352,0.3150007450590476,0.04454783258201348
USA,sandstorm,MB,50,50,0.1018,0.16859188737835495,0.0238424933636547
USA,sandstorm,MC,50,50,0.0886,0.14767601051502124,0.02088454169074948
USA,sandstorm,MG,50,50,0.0728,0.1330036059047779,0.018809550331506317
USA,sandstorm,MH,50,50,0.1648,0.2327935057653684,0.032921973308576324
USA,sandstorm,MO,50,50,0.7142000000000001,0.24682547746642888,0.03490639377722385
USA,sandstorm,MP,50,50,0.049,0.09687462968987816,0.0137001415157297
USA,sandstorm,MR,50,50,0.21280000000000002,0.26992848637204275,0.0381736526298184
USA,sandstorm,MY,50,50,0.725,0.31232668663384094,0.04416966361286295
USA,sandstorm,SB,50,50,0.06480000000000001,0.14508604062305053,0.020518264636013184
USA,sandstorm,SC,50,50,0.0656,0.13338849199206942,0.018863981443967955
USA,sandstorm,SG,50,50,0.043,0.07728162122776563,0.010929271686248663
USA,sandstorm,SH,50,50,0.0922,0.13839148847249477,0.019571511991480193
USA,sandstorm,SO,50,50,0.4428,0.3124690352005838,0.04418979474023016
USA,sandstorm,SP,50,50,0.045,0.1080485529561519,0.015280372898537758
USA,sandstorm,SR,50,50,0.0944,0.17743248212851476,0.025092742263166736
USA,sandstorm,SY,50,50,0.2896,0.31149383326683255,0.04405188036015382
USA,sandstorm,WH,50,50,0.254,0.29666169834561745,0.041954299723700815
USA,sick,A1,50,50,0.4512,0.35818499381732666,0.050655007609498655
USA,sick,A2,50,50,0.4422,0.33728380830828325,0.047699133607842135
USA,sick,A3,50,50,0.242,0.2818162666761188,0.03985483864307201
USA,sick,BK,50,50,0.479,0.35958167304777466,0.05085252788049709
USA,sick,DB,50,50,0.20199999999999999,0.2620095028655196,0.03705373924230501
USA,sick,DC,50,50,0.24,0.25823577266853304,0.03652005319977348
USA,sick,DG,50,50,0.40399999999999997,0.3375663200145466,0.047739086796494815
USA,sick,DH,50,50,0.6995999999999999,0.30313976031809864,0.042870436033638444
USA,sick,DO,50,50,0.515,0.3133313431692478,0.04431174350265287
USA,sick,DP,50,50,0.1616,0.20828120708429215,0.02945541078460451
USA,sick,DR,50,50,0.4214,0.31128443584606025,0.0440222670929156
USA,sick,DY,50,50,0.7373999999999999,0.2837058695342119,0.040122068842013435
USA,sick,LB,50,50,0.1804,0.22016654178700493,0.03113625093759651
USA,sick,LC,50,50,0.2096,0.24447327803559513,0.03457374254357471
USA,sick,LG,50,50,0.3106,0.24845982716384088,0.03513752572799789
USA,sick,LH,50,50,0.4288,0.3002083630155726,0.04245587385144482
USA,sick,LO,50,50,0.2968,0.2982153721109382,0.0421740223747428
USA,sick,LP,50,50,0.1274,0.19097825498613977,0.0270084038319746
USA,sick,LR,50,50,0.212,0.2470478760508264,0.0349378456866546
USA,sick,LY,50,50,0.3392,0.27114902898289595,0.038346263421190685
USA,sick,MB,50,50,0.17859999999999998,0.20982023403915293,0.0296730620638467
USA,sick,MC,50,50,0.22219999999999998,0.24898397620763318,0.03521165159664148
USA,sick,MG,50,50,0.4232,0.29211711378018457,0.041311598410922155
USA,sick,MH,50,50,0.6592,0.24821682424190086,0.0351031599252075
USA,sick,MO,50,50,0.40759999999999996,0.27281271141609964,0.03858154364724254
USA,sick,MP,50,50,0.1502,0.20072816423802453,0.028387249221566838
USA,sick,MR,50,50,0.2618,0.27368751733109264,0.03870525988618527
USA,sick,MY,50,50,0.5162,0.2663118472768344,0.037662182623953155
USA,sick,SB,50,50,0.12459999999999999,0.18461443550253148,0.026108423849753305
USA,sick,SC,50,50,0.1522,0.21228869446091184,0.030022155084509963
USA,sick,SG,50,50,0.336,0.3032208059201366,0.042881897612595726
USA,sick,SH,50,50,0.4482,0.35363240455453226,0.05001117426156286
USA,sick,SO,50,50,0.30560000000000004,0.2877013757920755,0.04068711875585516
USA,sick,SP,50,50,0.124,0.18308022106972335,0.025891453163906723
USA,sick,SR,50,50,0.3264,0.3078480940002582,0.043536294968587255
USA,sick,SY,50,50,0.3208,0.3341259691573017,0.04725254771233105
USA,sick,WH,50,50,0.1844,0.29780256437267083,0.042115642544531776
USA,tree,A1,50,50,0.0992,0.13385706662598834,0.01893024790419517
USA,tree,A2,50,50,0.0934,0.12998602750657,0.01838280030187935
USA,tree,A3,50,50,0.1328,0.18362606190910072,0.02596864671570118
USA,tree,BK,50,50,0.138,0.1850317126707678,0.026167435752812145
USA,tree,DB,50,50,0.1272,0.1561009615732127,0.022076009695631876
USA,tree,DC,50,50,0.36219999999999997,0.286643417820106,0.04053750090461716
USA,tree,DG,50,50,0.8782,0.1867519363066571,0.026410712112431088
USA,tree,DH,50,50,0.8018000000000001,0.2361570732908632,0.033397653589827575
USA,tree,DO,50,50,0.652,0.3188819754795092,0.04509672145194466
USA,tree,DP,50,50,0.052000000000000005,0.08964783708421276,0.012678118704190737
USA,tree,DR,50,50,0.1928,0.2324144784558793,0.0328683707524174
USA,tree,DY,50,50,0.4092,0.2819816175800494,0.039878222792160946
USA,tree,LB,50,50,0.1298,0.1639747367301265,0.023189529657030257
USA,tree,LC,50,50,0.1636,0.20017094735067148,0.028308446853639035
USA,tree,LG,50,50,0.38939999999999997,0.2760612916268666,0.03904096226649489
USA,tree,LH,50,50,0.35119999999999996,0.27527084992117584,0.03892917692844957
USA,tree,LO,50,50,0.2118,0.21956998791236637,0.031051885479576505
USA,tree,LP,50,50,0.084,0.14484333549298944,0.020483940947354194
USA,tree,LR,50,50,0.11720000000000001,0.15906666552622725,0.022495423570865543
USA,tree,LY,50,50,0.1948,0.21513394024397442,0.03042453360197916
USA,tree,MB,50,50,0.10679999999999999,0.14784768775841647,0.02090882051934552
USA,tree,MC,50,50,0.221,0.2201506905067805,0.031134009228049073
USA,tree,MG,50,50,0.7166,0.2320416042920945,0.0328156383824691
USA,tree,MH,50,50,0.7070000000000001,0.2555366501929552,0.03613833963862666
USA,tree,MO,50,50,0.2726,0.2684863847116092,0.03796970865716781
USA,tree,MP,50,50,0.0974,0.14438907189130573,0.020419698372714838
USA,tree,MR,50,50,0.14400000000000002,0.18745339556861615,0.026509913432602557
USA,tree,MY,50,50,0.2668,0.24746420066798527,0.03499672287864819
USA,tree,SB,50,50,0.1318,0.1782876602457903,0.025213682712336313
USA,tree,SC,50,50,0.1602,0.2091917390182256,0.02958417944559876
USA,tree,SG,50,50,0.6686,0.2662667835085706,0.037655809644728123
USA,tree,SH,50,50,0.42119999999999996,0.2675637631424308,0.03783923026356081
USA,tree,SO,50,50,0.20379999999999998,0.20852142257684075,0.029489382385349948
USA,tree,SP,50,50,0.0786,0.11254042357648879,0.015915619333708327
USA,tree,SR,50,50,0.12560000000000002,0.18424872275469023,0.02605670425696032
USA,tree,SY,50,50,0.2548,0.2583877800863639,0.036541550294961256
USA,tree,WH,50,50,0.1258,0.1754421818824466,0.024811271303048325
